-------------------------
1Rede13
-------------------------

Betweenness

-------------------------
1Rede13
-------------------------

Betweenness
@LannesDelRey 1085149063 (8022, 0.4487232678308728)
@LiviaPetralha 586115653 (2472, 0.36408554294119655)
@_db_db 62862066 (5055, 0.18470184437822862)
@celsorca2011 2827984369 (11270, 0.1676158865462218)
@glauciacomenta 43290106 (8929, 0.08063968619167931)
@kukureko_i906 2516080722 (7095, 0.032436917738467984)
@savonenkova_k6 2577490021 (9809, 0.028325727001848204)
@budzko_s2112 2577490100 (6305, 0.027307358654245138)
@evstrahov_j505 2513663952 (11395, 0.027118771923207535)
@kaldorkina_s41 2606015246 (9296, 0.0257986648059443)

Eigenvector
@lealiofficial 1951994160 (1794, 0.05665899643030671)
@loribizz 38574970 (3239, 0.056573630051076323)
@gabyspanic 162540978 (9088, 0.05616291741430439)
@homesbyjeff 42701544 (293, 0.05606242485961493)
@johnshinceo 297855695 (2403, 0.05571503440658284)
@ozDanJones 52835309 (479, 0.05553124645415615)
@alexdelamadrid 16657786 (1289, 0.05475037404610152)
@iamnikhilnanda 2184665196 (8745, 0.05438621396281391)
@Moha23_ 1316950460 (2485, 0.054316615233727474)
@BoyEmre1905 557855355 (1101, 0.05427059471130112)

PageRank
@LiviaPetralha 586115653 (2472, 8.563617996394731e-05)
@_db_db 62862066 (5055, 8.562394939591978e-05)
@glauciacomenta 43290106 (8929, 8.557038907442691e-05)
@celsorca2011 2827984369 (11270, 8.555478488085638e-05)
@sigaruiz 97110381 (7075, 8.551935763505568e-05)
@dremljugin_c78 2517160518 (8051, 8.55174489125813e-05)
@chebyshev_j793 2514630660 (3122, 8.551743694281506e-05)
@neelova_a9408 2517414037 (10287, 8.551737320999722e-05)
@kukureko_i906 2516080722 (7095, 8.551718533794351e-05)
@matveevij_e885 2516221626 (6564, 8.551706229011451e-05)

Degree
@LiviaPetralha 586115653 (2472, 1.0)
@_db_db 62862066 (5055, 0.9537671232876712)
@glauciacomenta 43290106 (8929, 0.58162100456621)
@dremljugin_c78 2517160518 (8051, 0.526255707762557)
@rogachev_h2029 2561982596 (8335, 0.5251141552511416)
@ioskevich_a973 2561905993 (10007, 0.5068493150684932)
@tupikina_h736 2513697068 (11107, 0.5051369863013698)
@krasnenok_j637 2561754684 (9364, 0.5005707762557078)
@lealiofficial 1951994160 (1794, 0.4960045662100457)
@radcig_z4722 2585258804 (8797, 0.4891552511415525)

-------------------------
2Rede13
-------------------------

Betweenness
@GIUAR 108291789 (6463, 0.325425263078488)
@MarcioCConde 89211315 (4956, 0.26673707237958594)
@gabicolombano 137876908 (14071, 0.2516501338965777)
@AwwAdorabIe 1353479845 (8432, 0.1885112963451882)
@Rosaniba 222593619 (13125, 0.17429185682495296)
@PDChina 303862998 (4996, 0.1472862369403682)
@_db_db 62862066 (3039, 0.10270433372307884)
@santino2970 1496440238 (7537, 0.08935239316561658)
@bolanaranja 174011066 (8532, 0.08128088107720716)
@direto_do_front 210883476 (24256, 0.07754686380266262)

Eigenvector
@lealiofficial 1951994160 (14578, 0.05670964105869037)
@loribizz 38574970 (21517, 0.05646941094783917)
@homesbyjeff 42701544 (1898, 0.05608410001096875)
@johnshinceo 297855695 (15247, 0.055882688691566616)
@gabyspanic 162540978 (22557, 0.0556920497877312)
@ozDanJones 52835309 (23304, 0.05533375018427016)
@BoyEmre1905 557855355 (13823, 0.05483094743275096)
@Moha23_ 1316950460 (16603, 0.054639842595735684)
@iamnikhilnanda 2184665196 (9585, 0.05463122099740994)
@AdamRosenberg16 1636317235 (5826, 0.05446370144102557)

PageRank
@gabicolombano 137876908 (14071, 3.942214652214001e-05)
@GIUAR 108291789 (6463, 3.938148005918313e-05)
@Rosaniba 222593619 (13125, 3.9372184702068176e-05)
@santino2970 1496440238 (7537, 3.933661627558552e-05)
@direto_do_front 210883476 (24256, 3.9328543253909096e-05)
@_db_db 62862066 (3039, 3.932772267741664e-05)
@bolanaranja 174011066 (8532, 3.9327272579897406e-05)
@Pahodinha 249776350 (12942, 3.9322162524854645e-05)
@beatrizcaruso25 2516985267 (2367, 3.93117784922386e-05)
@MarcioCConde 89211315 (4956, 3.9311761501988843e-05)

Degree
@gabicolombano 137876908 (14071, 1.0)
@Rosaniba 222593619 (13125, 0.7779891304347826)
@GIUAR 108291789 (6463, 0.7682065217391304)
@_db_db 62862066 (3039, 0.45407608695652174)
@santino2970 1496440238 (7537, 0.44429347826086957)
@direto_do_front 210883476 (24256, 0.4380434782608696)
@bolanaranja 174011066 (8532, 0.3328804347826087)
@Pahodinha 249776350 (12942, 0.2910326086956522)
@glauciacomenta 43290106 (8188, 0.27554347826086956)
@krivjakova_a27 2561970133 (19021, 0.2497282608695652)

-------------------------
3Rede13
-------------------------

Betweenness
@farukshina_k87 2519506868 (5953, 0.018360991028680343)
@legeev_m5826 2525520236 (99, 0.01682703481615768)
@ovodovskaja_i2 2515444056 (2134, 0.015525496211592998)
@margorin_m8329 2515451162 (4435, 0.014270441128619908)
@budzko_s2112 2577490100 (541, 0.011806814484265333)
@kolubkov_j6819 2577479444 (5240, 0.011202528703574587)
@tiliev_d5931 2561789636 (5124, 0.010458792358109056)
@karmanskij_s79 2561868367 (1057, 0.010412308836517458)
@tolubaeva_e302 2579021210 (6612, 0.010086924185376288)
@gerasin_r8041 2577505411 (51, 0.009993957142193095)

Eigenvector
@lealiofficial 1951994160 (2053, 0.055903907871160584)
@loribizz 38574970 (3821, 0.055655840388070775)
@johnshinceo 297855695 (2804, 0.05548590175032202)
@gabyspanic 162540978 (3869, 0.05528905234046579)
@homesbyjeff 42701544 (301, 0.055259399430857066)
@ozDanJones 52835309 (4636, 0.05461166118250053)
@BoyEmre1905 557855355 (1241, 0.05427231133370631)
@alexdelamadrid 16657786 (1471, 0.0541832492665039)
@Moha23_ 1316950460 (2913, 0.05403327782666919)
@iamnikhilnanda 2184665196 (4459, 0.05402430852497024)

PageRank
@farukshina_k87 2519506868 (5953, 0.00014391489585842429)
@legeev_m5826 2525520236 (99, 0.00014391408822046333)
@ovodovskaja_i2 2515444056 (2134, 0.00014391387457239624)
@margorin_m8329 2515451162 (4435, 0.00014391280929494093)
@karmanskij_s79 2561868367 (1057, 0.00014391145936308987)
@tiliev_d5931 2561789636 (5124, 0.00014391139318193605)
@kolubkov_j6819 2577479444 (5240, 0.00014391102376935732)
@shurshukova_g2 2577489198 (6723, 0.00014391096562608357)
@budzko_s2112 2577490100 (541, 0.0001439107796109013)
@strazhnikov_j5 2577466962 (1213, 0.00014391070313576518)

Degree
@karmanskij_s79 2561868367 (1057, 1.0)
@kuriteev_a6830 2585900268 (1808, 0.9943820224719101)
@legeev_m5826 2525520236 (99, 0.9797752808988764)
@tiliev_d59312561789636 (5124, 0.9629213483146067)
@farukshina_k87 2519506868 (5953, 0.9584269662921349)
@chajeulin_m273 2599301005 (959, 0.9404494382022472)
@nachapkina_b82 2595433825 (4462, 0.9348314606741573)
@budzko_s2112 2577490100 (541, 0.9292134831460674)
@rvachev_a5617 2585260826 (3336, 0.9280898876404494)
@tolubaeva_e302 2579021210 (6612, 0.9269662921348315)

-------------------------
4Rede13
-------------------------

Betweenness
@madonnaspanic 336211334 (83331, 0.3159204918341928)
@Greenhalgh_ 380716440 (40593, 0.1025534643382488)
@delubiosoares 34827888 (125460, 0.08090370761513196)
@swiftmoneyz 2700917806 (96310, 0.06894730886734793)
@LuisSoares_ 92637215 (41511, 0.05563308565609315)
@Sangue_Latino 59009527 (202921, 0.04873081130011688)
@Pragmatismo_ 151635190 (10547, 0.047750160298721346)
@agamenonsaude13 138620719 (20054, 0.04152679817448045)
@UrquizaPB 106387152 (4624, 0.036133217666805)
@turquim5 208112870 (138177, 0.03360615547090112)

Eigenvector
@Greenhalgh_ 380716440 (40593, 0.19596673440639534)
@delubiosoares 34827888 (125460, 0.17242874288185234)
@CrimeDeImprensa 504936854 (137025, 0.1315224388368674)
@Yarus13 575227947 (162347, 0.12214819294132502)
@turquim5 208112870 (138177, 0.10984267097135643)
@agamenonsaude13 138620719 (20054, 0.10743543999932556)
@FimDaGlobo 207600001 (198297, 0.10430048337362394)
@lG__66 93767610 (173475, 0.09685516771935836)
@IrritarTucano 794751666 (217785, 0.09633689700773135)
@alexandrecct 597220275 (53807, 0.09602248480274826)

PageRank
@madonnaspanic 336211334 (83331, 4.5873032488042205e-06)
@swiftmoneyz 2700917806 (96310, 4.45552550823004e-06)
@Greenhalgh_ 380716440 (40593, 4.455319593390441e-06)
@delubiosoares 34827888 (125460, 4.4516422675347615e-06)
@LuisSoares_ 92637215 (41511, 4.4436188863801e-06)
@Pragmatismo_ 151635190 (10547, 4.435340406099919e-06)
@UrquizaPB 106387152 (4624, 4.4342370893854415e-06)
@Kitri1 83465789 (185911, 4.4327954486573684e-06)
@LuizFBrannco 350509327 (215827, 4.430292775322958e-06)
@turquim5 208112870 (138177, 4.429496304821277e-06)

Degree
@madonnaspanic 336211334 (83331, 1.0)
@Greenhalgh_ 380716440 (40593, 0.4731)
@delubiosoares 34827888 (125460, 0.408625)
@swiftmoneyz 2700917806 (96310, 0.250025)
@LuisSoares_ 92637215 (41511, 0.1963)
@CrimeDeImprensa 504936854 (137025, 0.18895)
@Pragmatismo_ 151635190 (10547, 0.18405)
@turquim5 208112870 (138177, 0.166225)
@Yarus13 575227947 (162347, 0.163125)
@agamenonsaude13 138620719 (20054, 0.1591)

-------------------------
5Rede13
-------------------------

Betweenness
@Novorossiyan 308130306 (100378, 0.19843095839776614)
@Greenhalgh_ 380716440 (54656, 0.15267981744804365)
@delubiosoares 34827888 (18578, 0.1265794138724394)
@GracieusaBrito 359821009 (107935, 0.09550032059744243)
@diImabr 116820742 (79444, 0.052012220420171174)
@ISLAANDER 280297045 (3446, 0.04428016444762945)
@turquim5 208112870 (35731, 0.04341266548485648)
@CrimeDeImprensa 504936854 (34232, 0.03809451966959607)
@vando_correia 258425435 (65660, 0.03522800135782451)
@dilmabr 131574396 (128569, 0.035039414626786905)

Eigenvector
@Greenhalgh_ 380716440 (54656, 0.33039496725950257)
@delubiosoares 34827888 (18578, 0.2852684836440523)
@CrimeDeImprensa 504936854 (34232, 0.193505342584511)
@turquim5 208112870 (35731, 0.1420012968364504)
@vando_correia 258425435 (65660, 0.14187330005758145)
@GracieusaBrito 359821009 (107935, 0.12992005895824157)
@CobraGb 1347969008 (96568, 0.12218754653951669)
@JotaKar 55259370 (10193, 0.11097920624916405)
@freerobo_ 40548390 (85741, 0.10325711231301632)
@Suxbernardo 67155824 (52283, 0.10174142009082239)

PageRank
@Novorossiyan 308130306 (100378, 6.556016543532032e-06)
@Greenhalgh_ 380716440 (54656, 6.513561788713779e-06)
@delubiosoares 34827888 (18578, 6.505801232448676e-06)
@GracieusaBrito 359821009 (107935, 6.49347675229903e-06)
@turquim5208112870 (35731, 6.469790978856006e-06)
@ISLAANDER 280297045 (3446, 6.468670354326094e-06)
@rafaeltmoros 162917748 (20535, 6.466273253846997e-06)
@vando_correia 258425435 (65660, 6.46626829266059e-06)
@CrimeDeImprensa 504936854 (34232, 6.4652725931571e-06)
@TROCA_DE_CANAL 732879806 (124824, 6.464064860667858e-06)

Degree
@Greenhalgh_ 380716440 (54656, 1.0)
@Novorossiyan 308130306 (100378, 0.9200761179828735)
@delubiosoares 34827888 (18578, 0.8640976847446876)
@GracieusaBrito 359821009 (107935, 0.5376361137540966)
@CrimeDeImprensa 504936854 (34232, 0.39909081298234483)
@turquim5208112870 (35731, 0.3485569299080241)
@vando_correia 258425435 (65660, 0.3326990168093879)
@Suxbernardo 67155824 (52283, 0.2494978327518765)
@ISLAANDER 280297045 (3446, 0.22449518976636007)
@TROCA_DE_CANAL 732879806 (124824, 0.21809916481657682)

-------------------------
6Rede13
-------------------------

Betweenness
@mluvieira 41648463 (78049, 0.12793723833591014)
@Its_Vampire 345672376 (28686, 0.12578734960208146)
@alittletooharry 2294719946 (10856, 0.11745181609021943)
@AnaFlorisbelo 319839154 (40631, 0.053332327537434394)
@FaimaLima 578322916 (96871, 0.052691132651906544)
@Waldirporfirio 71951497 (54496, 0.04171538490551805)
@osFortal 15973146 (110170, 0.04043299513446235)
@LuizFBrannco 350509327 (138920, 0.040055821672387144)
@tadeu_alves 66197913 (67929, 0.036359521744050126)
@Yarus13 575227947 (68398, 0.03605778297438996)

Eigenvector
@mluvieira 41648463 (78049, 0.1781519069447235)
@Yarus13 575227947 (68398, 0.15086171927723566)
@anisionogueira 211489456 (54396, 0.1508322230075813)
@FaimaLima 578322916 (96871, 0.12720699244172076)
@CobraGb 1347969008 (75585, 0.12357885309822123)
@lG__66 93767610 (83166, 0.1196928708923364)
@StellaMendonca 259359647 (69273, 0.1156803443417877)
@FabinhoCoimbra 576407930 (43915, 0.11546589735574402)
@tadeu_alves 66197913 (67929, 0.10762220542140254)
@coimbramariap 321059805 (43788, 0.10551555259264156)

PageRank
@Its_Vampire 345672376 (28686, 6.590581740578508e-06)
@alittletooharry 2294719946 (10856, 6.586106152683273e-06)
@mluvieira 41648463 (78049, 6.581955403303923e-06)
@AnaFlorisbelo 319839154 (40631, 6.554063817137753e-06)
@FaimaLima 578322916 (96871, 6.550242241630584e-06)
@osFortal 15973146 (110170, 6.546160211329105e-06)
@LuizFBrannco 350509327 (138920, 6.546077944085142e-06)
@Waldirporfirio 71951497 (54496, 6.5460538605372135e-06)
@tadeu_alves 66197913 (67929, 6.5436390688621315e-06)
@RBORLINA 1224379178 (105537, 6.5423730435296395e-06)

Degree
@mluvieira 41648463 (78049, 1.0)
@Its_Vampire 345672376 (28686, 0.7544871794871795)
@alittletooharry 2294719946 (10856, 0.6802706552706552)
@FaimaLima 578322916 (96871, 0.5127492877492877)
@Yarus13 575227947 (68398, 0.46474358974358976)
@tadeu_alves 66197913 (67929, 0.40576923076923077)
@anisionogueira 211489456 (54396, 0.4046296296296296)
@Waldirporfirio 71951497 (54496, 0.34615384615384615)
@AnaFlorisbelo 319839154 (40631, 0.34109686609686607)
@LuizFBrannco 350509327 (138920, 0.32856125356125354)

-------------------------
7Rede13
-------------------------

Betweenness
@Sangue_Latino 59009527 (227244, 0.2148757213442451)
@swiftmoneyz 2700917806 (245873, 0.1670124090069015)
@MestresAscensio 207069021 (81200, 0.1344246218836037)
@madonnaspanic 336211334 (100739, 0.08705163504695781)
@mrgalib313 2719642167 (249597, 0.08192207596273501)
@Greenhalgh_ 380716440 (181451, 0.07271904348809999)
@delubiosoares 34827888 (151792, 0.06789122317353735)
@MCCdoBrasil 915787628 (273494, 0.051408742880850844)
@GracieusaBrito 359821009 (95953, 0.049598310262889855)
@BRILHANDON 1309155199 (103922, 0.04239429713725342)

Eigenvector
@Greenhalgh_ 380716440 (181451, 0.2054043043847492)
@delubiosoares 34827888 (151792, 0.1802753545161903)
@CrimeDeImprensa 504936854 (165868, 0.13502167630999645)
@Gzgozzi 906942200 (179307, 0.11785373698757239)
@MestresAscensio 207069021 (81200, 0.11344911378610259)
@turquim5 208112870 (167219, 0.11323698098671565)
@agamenonsaude13 138620719 (24174, 0.10810488272412032)
@FimDaGlobo 207600001 (242140, 0.10717371538023096)
@biacall8 440187033 (140149, 0.10431861609955459)
@GracieusaBrito 359821009 (95953, 0.10317284701558123)

PageRank
@Sangue_Latino 59009527 (227244, 3.7117652737033113e-06)
@swiftmoneyz 2700917806 (245873, 3.6936045151427395e-06)
@MestresAscensio 207069021 (81200, 3.67734111693839e-06)
@madonnaspanic 336211334 (100739, 3.65592691805414e-06)
@mrgalib313 2719642167 (249597, 3.653218336499037e-06)
@Greenhalgh_ 380716440 (181451, 3.6418947685144843e-06)
@delubiosoares 34827888 (151792, 3.638838536069111e-06)
@BRILHANDON 1309155199 (103922, 3.6339858486716507e-06)
@MCCdoBrasil 915787628 (273494, 3.6339441805450604e-06)
@GracieusaBrito 359821009 (95953, 3.631180770089377e-06)

Degree
@Sangue_Latino 59009527 (227244, 1.0)
@swiftmoneyz 2700917806 (245873, 0.8899976715563982)
@MestresAscensio 207069021 (81200, 0.7311645544356851)
@Greenhalgh_ 380716440 (181451, 0.629910521238732)
@delubiosoares 34827888 (151792, 0.5439909523334331)
@madonnaspanic 336211334 (100739, 0.49901872733925423)
@mrgalib313 2719642167 (249597, 0.45251638226391244)
@GracieusaBrito 359821009 (95953, 0.3382895918571001)
@MCCdoBrasil 915787628 (273494, 0.3254166250873166)
@BRILHANDON 1309155199 (103922, 0.28832784485912916)

-------------------------
8Rede13
-------------------------

Betweenness
@Sangue_Latino 59009527 (150237, 0.42379210198770173)
@Greenhalgh_ 380716440 (32564, 0.1163202957039938)
@delubiosoares 34827888 (101371, 0.1097197601176777)
@Charazito 1546344584 (115265, 0.09323727982499119)
@MCCdoBrasil 915787628 (179349, 0.07947044845924617)
@FRfabianoreys 399621137 (132158, 0.06019688454720315)
@turquim5 208112870 (111647, 0.04435559914004449)
@Kitri1 83465789 (150057, 0.04062158186549995)
@agamenonsaude13 138620719 (16081, 0.039527778825481856)
@CrimeDeImprensa 504936854 (110762, 0.03300267793158079)

Eigenvector
@Greenhalgh_ 380716440 (32564, 0.24487126117775512)
@delubiosoares 34827888 (101371, 0.21563930211422255)
@CrimeDeImprensa 504936854 (110762, 0.15666143899300655)
@Sangue_Latino 59009527 (150237, 0.13110389993540822)
@agamenonsaude13 138620719 (16081, 0.12341312606796358)
@turquim5 208112870 (111647, 0.12284754576241796)
@FimDaGlobo 207600001 (159611, 0.1172602613063426)
@LukaBizarri 68008585 (71938, 0.11400837333752921)
@IrritarTucano 794751666 (174842, 0.10851206497940111)
@MCCdoBrasil 915787628 (179349, 0.10183603166206079)

PageRank
@Sangue_Latino 59009527 (150237, 5.747301772641528e-06)
@Greenhalgh_ 380716440 (32564, 5.5611978723236345e-06)
@Charazito 1546344584 (115265, 5.5566414333301626e-06)
@delubiosoares 34827888 (101371, 5.554692101636813e-06)
@MCCdoBrasil 915787628 (179349, 5.5477091307542694e-06)
@FRfabianoreys 399621137 (132158, 5.538443966280739e-06)
@Kitri1 83465789 (150057, 5.529454549252726e-06)
@turquim5 208112870 (111647, 5.526028337477872e-06)
@agamenonsaude13 138620719 (16081, 5.52503077554933e-06)
@matheustutsjes 516113535 (71205, 5.524676752415627e-06)

Degree
@Sangue_Latino 59009527 (150237, 1.0)
@Greenhalgh_ 380716440 (32564, 0.4204063506161874)
@delubiosoares 34827888 (101371, 0.36313978017097814)
@Charazito 1546344584 (115265, 0.2184079049628067)
@MCCdoBrasil 915787628 (179349, 0.21696458310203176)
@CrimeDeImprensa 504936854 (110762, 0.16766959031864107)
@turquim5 208112870 (111647, 0.14681914066836904)
@agamenonsaude13 138620719 (16081, 0.14126790274231155)
@FRfabianoreys 399621137 (132158, 0.1279449317197735)
@LukaBizarri 68008585 (71938, 0.11471078050405241)

-------------------------
9Rede13
-------------------------

Betweenness
@ricardo___rf 72694672 (164559, 0.2024667144419708)
@mais_velho 1561529839 (4933, 0.16935088447176777)
@arqpedrinho2 21363569 (2223, 0.15403764191151437)
@Talmecravo 573952113 (107129, 0.11647116508882385)
@Dhasio 192466735 (133588, 0.08599554935314724)
@pradifundir 306850940 (27418, 0.06076264474031596)
@PresenteFollow 293298857 (92898, 0.05238939388224638)
@letraslimitadas 1089535657 (290361, 0.04914570210839961)
@addrianomax 52565053 (352260, 0.045223098102817466)
@jmvflu 571079872 (304253, 0.04465733790970466)

Eigenvector
@ricardo___rf 72694672 (164559, 0.36222581381274094)
@arqpedrinho2 21363569 (2223, 0.29867333781093874)
@mais_velho 1561529839 (4933, 0.22203673274830463)
@letraslimitadas 1089535657 (290361, 0.17847931870649927)
@aeciofaraujo 334358066 (11834, 0.15423295135785864)
@pradifundir 306850940 (27418, 0.1333207277510173)
@Dhasio 192466735 (133588, 0.12801026221520434)
@josetomazfilho 74247205 (14200, 0.11471873994369985)
@tovaga 67865633 (152599, 0.11237053135558829)
@Talmecravo 573952113 (107129, 0.1011349239349318)

PageRank
@ricardo___rf 72694672 (164559, 2.845660475027313e-06)
@mais_velho 1561529839 (4933, 2.831827833754876e-06)
@arqpedrinho2 21363569 (2223, 2.8240749536329795e-06)
@Talmecravo 573952113 (107129, 2.8074921358118385e-06)
@Dhasio 192466735 (133588, 2.7948838481072814e-06)
@pradifundir 306850940 (27418, 2.7794780386845525e-06)
@PresenteFollow 293298857 (92898, 2.7753298087958705e-06)
@letraslimitadas 1089535657 (290361, 2.772993052365545e-06)
@addrianomax 52565053 (352260, 2.7725001610874072e-06)
@jmvflu 571079872 (304253, 2.7711892604714867e-06)

Degree
@ricardo___rf 72694672 (164559, 1.0)
@mais_velho 1561529839 (4933, 0.8896)
@arqpedrinho2 21363569 (2223, 0.8574666666666667)
@Talmecravo 573952113 (107129, 0.5977777777777777)
@Dhasio 192466735 (133588, 0.5463777777777777)
@letraslimitadas 1089535657 (290361, 0.39824444444444446)
@pradifundir 306850940 (27418, 0.3857555555555556)
@tovaga 67865633 (152599, 0.29675555555555555)
@PresenteFollow 293298857 (92898, 0.29613333333333336)
@aeciofaraujo 334358066 (11834, 0.28273333333333334)

-------------------------
10Rede13
-------------------------

Betweenness
@TO_DE_OLHO 35921755 (14686, 0.296156602421452)
@borgesspfc 39810105 (63790, 0.13272734130426528)
@kakooliveira10 167847569 (248921, 0.12544789348621377)
@Cesar_SPFC633 829607016 (46532, 0.12114811601855643)
@luizstu_45 312463297 (104878, 0.08113001169237707)
@jmvflu 571079872 (182114, 0.07121034963979916)
@br45ilnocorrupt 2774914234 (222669, 0.05284200203673663)
@aeciofaraujo 334358066 (17387, 0.050767547995322994)
@crisruiz61 2570084653 (65115, 0.04062158186549995)
@GeraldoJr1970 2347058756 (933, 0.038811149247538965)

Eigenvector
@TO_DE_OLHO 35921755 (14686, 0.6262251395003262)
@aeciofaraujo 334358066 (17387, 0.12147737105918552)
@Marcotuliofranc 724504274 (20078, 0.08691605321398368)
@br45ilnocorrupt 2774914234 (222669, 0.08681317058856863)
@Ary_AntiPT 2437579938 (149649, 0.08284728523052477)
@monikalive 60909587 (8101, 0.08019058737990707)
@ivomarcelino 144407784 (177854, 0.06902174201005189)
@MAUROROBERTO13 601954050 (165208, 0.06541974427730778)
@jmvflu 571079872 (182114, 0.06431281859748245)
@mjlette2 371848201 (13945, 0.05533207511155748)

PageRank
@TO_DE_OLHO 35921755 (14686, 3.812107027280553e-06)
@borgesspfc 39810105 (63790, 3.7266788107262306e-06)
@kakooliveira10 167847569 (248921, 3.7242132739344625e-06)
@Cesar_SPFC633 829607016 (46532, 3.7200738896485916e-06)
@luizstu_45 312463297 (104878, 3.698176132575328e-06)
@jmvflu 571079872 (182114, 3.6916206362319717e-06)
@aeciofaraujo 334358066 (17387, 3.681411925238328e-06)
@br45ilnocorrupt 2774914234 (222669, 3.678420124319029e-06)
@GeraldoJr1970 2347058756 (933, 3.6781625532344373e-06)
@crisruiz61 2570084653 (65115, 3.6779492222747512e-06)

Degree
@TO_DE_OLHO 35921755 (14686, 1.0)
@kakooliveira10 167847569 (248921, 0.43283613010151234)
@borgesspfc 39810105 (63790, 0.4145846281334162)
@Cesar_SPFC633 829607016 (46532, 0.38023617153511496)
@aeciofaraujo 334358066 (17387, 0.26357986326911126)
@jmvflu 571079872 (182114, 0.2587528485601823)
@luizstu_45 312463297 (104878, 0.251170499274912)
@br45ilnocorrupt 2774914234 (222669, 0.20517920033146883)
@GeraldoJr1970 2347058756 (933, 0.15492024031489537)
@Ary_AntiPT 2437579938 (149649, 0.1480422622747048)

