
-------------------------
1Rede15
-------------------------

Betweenness
@MarcePCsolution 244280163 (624646, 0.08908837174216391)
@JUSTGEORGE60 63284897 (1004688, 0.08569381058348707)
@COOLCHANNELTV 52545554 (476098, 0.08346848715724337)
@ClaytonNicolini 222644862 (357613, 0.061781013087919015)
@Yusnaby 38386328 (114396, 0.05725493154301654)
@LuisEduardoSVG 53925053 (193091, 0.047750160298721346)
@claudiapapo 177002568 (904097, 0.039376909440651774)
@ubastien 221847438 (323034, 0.03707615132199302)
@Chopan_1_ 424321753 (721322, 0.03488854524195682)
@sombrereta01 136863574 (137130, 0.0283257270018482)

Eigenvector
@claudiapapo 177002568 (904097, 0.14730253295986354)
@JUSTGEORGE60 63284897 (1004688, 0.1418461073086946)
@Team_AntiRojos 1360312160 (135553, 0.13603148017729566)
@COOLCHANNELTV 52545554 (476098, 0.1354193020275836)
@ATHENEA_PHALAS 104393950 (477577, 0.13218891030349011)
@eduMAW2013 305177589 (791640, 0.11756061566436768)
@Yusnaby 38386328 (114396, 0.11679272655175933)
@Clave__Exito 634817804 (75623, 0.10790444792787275)
@querre1 110810192 (685212, 0.1036022003547221)
@RaulDictador 127173159 (573781, 0.09409108349914207)

PageRank
@MarcePCsolution 244280163 (624646, 9.669687925342987e-07)
@COOLCHANNELTV 52545554 (476098, 9.655033574829434e-07)
@JUSTGEORGE60 63284897 (1004688, 9.625062846053012e-07)
@ClaytonNicolini 222644862 (357613, 9.544436929759114e-07)
@LuisEduardoSVG 53925053 (193091, 9.491839033239217e-07)
@ubastien 221847438 (323034, 9.428576027172226e-07)
@Chopan_1_ 424321753 (721322, 9.404641510339715e-07)
@claudiapapo 177002568 (904097, 9.397689518789715e-07)
@sombrereta01 136863574 (137130, 9.378620224696951e-07)
@Yusnaby 38386328 (114396, 9.371572433714042e-07)

Degree
@JUSTGEORGE60 63284897 (1004688, 1.0)
@COOLCHANNELTV 52545554 (476098, 0.9342716097816137)
@MarcePCsolution 244280163 (624646, 0.823231332548712)
@ClaytonNicolini 222644862 (357613, 0.6395808813913954)
@claudiapapo 177002568 (904097, 0.5705832352556558)
@LuisEduardoSVG 53925053 (193091, 0.561135085654505)
@Yusnaby 38386328 (114396, 0.469743036484896)
@ATHENEA_PHALAS 104393950 (477577, 0.44922845560350466)
@sombrereta01 136863574 (137130, 0.43096966130508696)
@Chopan_1_ 424321753 (721322, 0.42804367725905584)

-------------------------
2Rede15
-------------------------

Betweenness
@Sport_Level 95777654 (810789, 0.14151548297061753)
@JUSTGEORGE60 63284897 (807661, 0.1054954173424354)
@Yusnaby 38386328 (92705, 0.06592992117074628)
@ubastien 221847438 (733308, 0.05419982650020737)
@SaloTweet 39001788 (212776, 0.047071248066985975)
@claudiapapo 177002568 (73662, 0.0447327726021197)
@Chopan_1_ 424321753 (382964, 0.04084788594274508)
@sombrereta01 136863574 (625838, 0.03915060536340665)
@FLAMURCUBA 92508828 (14434, 0.03779278089993591)
@reivajosue 182486849 (244835, 0.02628899030664207)

Eigenvector
@claudiapapo 177002568 (73662, 0.14854635909168762)
@JUSTGEORGE60 63284897 (807661, 0.1357351070481723)
@SaloTweet 39001788 (212776, 0.11837591200873294)
@Yusnaby 38386328 (92705, 0.10961463987173826)
@querre1 110810192 (557132, 0.10105737435043236)
@zety81 1053501108 (218150, 0.09367028063907232)
@TrancayHuye 162246224 (244676, 0.08648986654325826)
@reivajosue 182486849 (244835, 0.08584078757819735)
@lorearraiz 49486443 (850568, 0.08332769782037522)
@jrsalvatierra 216177634 (313711, 0.08239668916882005)

PageRank
@Sport_Level 95777654 (810789, 1.2233132046705941e-06)
@JUSTGEORGE60 63284897 (807661, 1.1996323887013402e-06)
@ubastien 221847438 (733308, 1.1787506710743322e-06)
@SaloTweet 39001788 (212776, 1.1717196386074004e-06)
@Chopan_1_ 424321753 (382964, 1.1712112511557824e-06)
@FLAMURCUBA 92508828 (14434, 1.1708652421794297e-06)
@claudiapapo 177002568 (73662, 1.1706849180463446e-06)
@Yusnaby 38386328 (92705, 1.168834143232365e-06)
@sombrereta01 136863574 (625838, 1.1676103650497137e-06)
@lorearraiz 49486443 (850568, 1.1635157715868982e-06)

Degree
@Sport_Level 95777654 (810789, 1.0)
@JUSTGEORGE60 63284897 (807661, 0.8172183488195379)
@claudiapapo 177002568 (73662, 0.46534600669217335)
@SaloTweet 39001788 (212776, 0.4359111087411515)
@ubastien 221847438 (733308, 0.4000373268633437)
@Yusnaby 38386328 (92705, 0.38317358324557077)
@sombrereta01 136863574 (625838, 0.35147241144868224)
@Chopan_1_ 424321753 (382964, 0.34953941316838416)
@reivajosue 182486849 (244835, 0.2829776172130164)
@FLAMURCUBA 92508828 (14434, 0.28055137109567674)

-------------------------
3Rede15
-------------------------

Betweenness
@arqpedrinho2 21363569 (3962, 0.21133029080073817)
@denysnaruto 106177201 (200490, 0.1337079923056608)
@eduMAW2013 305177589 (159899, 0.11718779466676676)
@vidaletti 29395691 (225202, 0.1108512805039033)
@ABelChicao 52134052 (257198, 0.05419982650020737)
@_dudu_pats_sccp 228577853 (81715, 0.04925885414702217)
@RachelSherazade 168520768 (26630, 0.03862256251650136)
@OESTEVES 20766350 (13801, 0.03006072492739417)
@manuco22 34503618 (55224, 0.024818013804548754)
@mvdsister 32952792 (312956, 0.02066910572172144)

Eigenvector
@arqpedrinho2 21363569 (3962, 0.5891904192125307)
@blogkatia 72724285 (259624, 0.10247648522602022)
@vidaletti 29395691 (225202, 0.09976128130335035)
@yec_terrza 1979148698 (202885, 0.09132691219971871)
@Jrodrigues1954 391606213 (71152, 0.07231221396666175)
@Alexxbh 1968771350 (69402, 0.06743187235605105)
@rogerspire 33948648 (48526, 0.06651173920207194)
@omarbrasilrj 1385236232 (208439, 0.06287040349320051)
@marciaarl 100099494 (137276, 0.06084760203682643)
@tottustu 1724341532 (319091, 0.060557995938216584)

PageRank
@arqpedrinho2 21363569 (3962, 3.1220130925533687e-06)
@denysnaruto 106177201 (200490, 3.1006917011358722e-06)
@eduMAW2013 305177589 (159899, 3.0897760987617363e-06)
@vidaletti 29395691 (225202, 3.0896500085958205e-06)
@ABelChicao 52134052 (257198, 3.058635371029308e-06)
@_dudu_pats_sccp 228577853 (81715, 3.0568362704880915e-06)
@OESTEVES 20766350 (13801, 3.047340908109408e-06)
@manuco22 34503618 (55224, 3.0460509461503467e-06)
@yajafreites 114878159 (128985, 3.0442066006977106e-06)
@mvdsister 32952792 (312956, 3.0424970530425e-06)

Degree
@arqpedrinho2 21363569 (3962, 1.0)
@denysnaruto 106177201 (200490, 0.6307450130319218)
@vidaletti 29395691 (225202, 0.5755722432969472)
@eduMAW2013 305177589 (159899, 0.567314391886661)
@ABelChicao 52134052 (257198, 0.2690511212613868)
@_dudu_pats_sccp 228577853 (81715, 0.2359939098345849)
@blogkatia 72724285 (259624, 0.17978890867332456)
@Jrodrigues1954 391606213 (71152, 0.14771231710149416)
@manuco22 34503618 (55224, 0.1438930608242368)
@yec_terrza 1979148698 (202885, 0.14200923847126526)

-------------------------
4Rede15
-------------------------

Betweenness
@ricardo___rf 72694672 (180649, 0.20450345113717697)
@analistacasual 461907899 (305602, 0.0780371893033604)
@euliviia 102457491 (233938, 0.06359144570588)
@CarminhaInes 61945861 (368187, 0.06328970693621984)
@_dudu_pats_sccp 228577853 (301949, 0.03975408290272698)
@alancorai 340000591 (283640, 0.03964093086410442)
@xoaopredo 151998923 (101615, 0.0274205106928677)
@Ary_AntiPT 2437579938 (309018, 0.024742579112133706)
@rwflcton 2259207852 (332062, 0.023083015879002786)
@_FofaDeslike 572208776 (275832, 0.02285671180175766)

Eigenvector
@ricardo___rf 72694672 (180649, 0.6788572568040196)
@Ary_AntiPT 2437579938 (309018, 0.057079088886730515)
@Ezequiasns 342896305 (192670, 0.05439099069184096)
@ivomarcelino 144407784 (330299, 0.04955121880976252)
@Ihamma_1 2786316953 (267317, 0.043362067881396384)
@mjlette2 371848201 (208647, 0.040328617694358256)
@alancorai 340000591 (283640, 0.03861242701797321)
@analistacasual 461907899 (305602, 0.03854487988820579)
@MariaLuciaGouve 1317453974 (144314, 0.03647399098398309)
@dnsemello 184107522 (68166, 0.03532623198057589)

PageRank
@ricardo___rf 72694672 (180649, 2.5992448165246924e-06)
@analistacasual 461907899 (305602, 2.5406370841433414e-06)
@euliviia 102457491 (233938, 2.5328172979977016e-06)
@CarminhaInes 61945861 (368187, 2.532286705187173e-06)
@alancorai 340000591 (283640, 2.522918980827902e-06)
@_dudu_pats_sccp 228577853 (301949, 2.521372600635377e-06)
@xoaopredo 151998923 (101615, 2.5158034366612383e-06)
@rwflcton 2259207852 (332062, 2.5131627490437783e-06)
@Pra_Raquell 113343900 (176011, 2.5131022333081587e-06)
@yesmagcon 178482600 (55527, 2.5125833219664322e-06)

Degree
@ricardo___rf 72694672 (180649, 1.0)
@analistacasual 461907899 (305602, 0.3713401571054511)
@euliviia 102457491 (233938, 0.32979160805868735)
@CarminhaInes 61945861 (368187, 0.3245980394278419)
@alancorai 340000591 (283640, 0.24026746878448854)
@_dudu_pats_sccp 228577853 (301949, 0.1980697236588691)
@Ary_AntiPT 2437579938 (309018, 0.15485490467637575)
@rwflcton 2259207852 (332062, 0.14338577394992535)
@dnsemello 184107522 (68166, 0.1368938131613685)
@Pra_Raquell 113343900 (176011, 0.1278916275345697)


-------------------------
5Rede15
-------------------------

Betweenness
@JotaPe_naReal 321351694 (310576, 0.1931882472749208)
@josepaulinosan 559896420 (426876, 0.0866367442386751)
@Ohhbenjaminn2 581112971 (389769, 0.07113491494738412)
@TO_DE_OLHO 35921755 (15396, 0.07094632821634653)
@kompulsion 186031595 (327195, 0.05929166823822265)
@kakooliveira10 167847569 (550383, 0.05510504280918786)
@_boris_causoy 1873654801 (100485, 0.04495907667936482)
@letrin45 210177223 (572962, 0.03492626258816434)
@vidaletti 29395691 (195167, 0.0348508278957493)
@tovaga 67865633 (305629, 0.030852789197752112)

Eigenvector
@JotaPe_naReal 321351694 (310576, 0.4347372979930378)
@TO_DE_OLHO 35921755 (15396, 0.13863823817999518)
@_boris_causoy 1873654801 (100485, 0.13402606057684036)
@tovaga 67865633 (305629, 0.11497766714347009)
@josetomazfilho 74247205 (21930, 0.10678929491984351)
@br45ilnocorrupt 2774914234 (522365, 0.10416611287193767)
@Ary_AntiPT 2437579938 (441404, 0.09442422875557818)
@josepaulinosan 559896420 (426876, 0.08215839837020114)
@GPronaldo13 1641713372 (328435, 0.08067542902317196)
@tonny_coxa 156846206 (437490, 0.08045839959600737)

PageRank
@JotaPe_naReal 321351694 (310576, 1.8300066805564807e-06)
@josepaulinosan 559896420 (426876, 1.7766169426336993e-06)
@Ohhbenjaminn2 581112971 (389769, 1.770153966300166e-06)
@kompulsion 186031595 (327195, 1.7664294972701085e-06)
@TO_DE_OLHO 35921755 (15396, 1.7661278758480838e-06)
@kakooliveira10 167847569 (550383, 1.7629268358423196e-06)
@_boris_causoy 1873654801 (100485, 1.7544849321106488e-06)
@vidaletti 29395691 (195167, 1.7523015675388906e-06)
@letrin45 210177223 (572962, 1.7522621185950573e-06)
@jmvflu 571079872 (478198, 1.7485564016235154e-06)

Degree
@JotaPe_naReal 321351694 (310576, 1.0)
@josepaulinosan 559896420 (426876, 0.4787109675434549)
@TO_DE_OLHO 35921755 (15396, 0.3850023073373327)
@Ohhbenjaminn2 581112971 (389769, 0.3524380864482387)
@kompulsion 186031595 (327195, 0.32714966928164896)
@kakooliveira10 167847569 (550383, 0.3213505614520843)
@_boris_causoy 1873654801 (100485, 0.2939547761882787)
@vidaletti 29395691 (195167, 0.23074911552068914)
@tovaga 67865633 (305629, 0.21499769266266727)
@jmvflu 571079872 (478198, 0.19218581756652822)

-------------------------
6Rede15
-------------------------

Betweenness
@CarminhaInes 61945861 (178518, 0.13597103307811204)
@DaniloGentili 14213711 (187826, 0.11258627842944925)
@stylesfascinio 748195963 (12960, 0.10873910911628215)
@br45ilnocorrupt 2774914234 (172956, 0.08305359634896063)
@Japon3sinha 429823836 (200882, 0.04428016444762945)
@fersorriso 2416086197 (139287, 0.0328518085467507)
@_Lilian_Santos 345375429 (40348, 0.029004639233583585)
@rennata_martins 2173012622 (191588, 0.027269641308037617)
@dearsevenx 478976517 (148954, 0.025874099498359338)
@OGuriDosRock 514766275 (115101, 0.02447855768868106)

Eigenvector
@CarminhaInes 61945861 (178518, 0.6978264047589576)
@OGuriDosRock 514766275 (115101, 0.05664560780307328)
@br45ilnocorrupt 2774914234 (172956, 0.056412688012772286)
@william_johny 444894563 (58422, 0.033007200610146684)
@rennata_martins 2173012622 (191588, 0.032012722231329574)
@stylesfascinio 748195963 (12960, 0.02885982101447328)
@FCHialley 2377669122 (151208, 0.0212259874173441)
@DaniloGentili 14213711 (187826, 0.01879727375546612)
@dearsevenx 478976517 (148954, 0.015795328070376962)
@Japon3sinha 429823836 (200882, 0.01575094204835168)

PageRank
@CarminhaInes 61945861 (178518, 4.795098051175042e-06)
@stylesfascinio 748195963 (12960, 4.781888646187877e-06)
@br45ilnocorrupt 2774914234 (172956, 4.7645066067038695e-06)
@Japon3sinha 429823836 (200882, 4.748866037622358e-06)
@fersorriso 2416086197 (139287, 4.746053722258167e-06)
@_Lilian_Santos 345375429 (40348, 4.74312710777581e-06)
@OGuriDosRock 514766275 (115101, 4.742557824589719e-06)
@dearsevenx 478976517 (148954, 4.741563390610066e-06)
@rennata_martins 2173012622 (191588, 4.740614688645579e-06)
@Neymarzette_Jr 1523503327 (17824, 4.739531075862787e-06)

Degree
@CarminhaInes 61945861 (178518, 1.0)
@stylesfascinio 748195963 (12960, 0.8456221198156681)
@br45ilnocorrupt 2774914234 (172956, 0.6453533026113671)
@Japon3sinha 429823836 (200882, 0.3206605222734255)
@fersorriso 2416086197 (139287, 0.25710445468509985)
@OGuriDosRock 514766275 (115101, 0.22964669738863286)
@rennata_martins 2173012622 (191588, 0.22939068100358423)
@dearsevenx 478976517 (148954, 0.2073732718894009)
@Neymarzette_Jr 1523503327 (17824, 0.20462109575012802)
@_Lilian_Santos 345375429 (40348, 0.19802867383512546)

-------------------------
7Rede15
-------------------------

Betweenness
@MiguelVelarde 54919388 (165398, 0.10591030815071811)
@eduMAW2013 305177589 (403502, 0.07358654245087297)
@bealbaytero 196785203 (195264, 0.07064458944668636)
@JSaintPastour 1654068414 (380501, 0.06932448232942313)
@SoulGull 338044938 (211992, 0.06566589974729364)
@fernancitof 195979094 (319017, 0.05789612642854439)
@LuisaM56_ 2460047262 (210701, 0.03322898200882591)
@lanceta66 326766400 (290176, 0.02783540150115043)
@teopsiquis 66674004 (19411, 0.024289970957643455)
@SergioNavegante 26952367 (19503, 0.023761928110738163)

Eigenvector
@eduMAW2013 305177589 (403502, 0.27928030417604105)
@MiguelVelarde 54919388 (165398, 0.24150972282218505)
@fernancitof 195979094 (319017, 0.19823163411622277)
@bealbaytero 196785203 (195264, 0.17207526000685994)
@zety81 1053501108 (172068, 0.12132942193550816)
@nelpold 166252036 (364227, 0.08900405571960236)
@Odio_todo_lo_K 232916269 (337499, 0.08193536390535791)
@normymdq 267283437 (45374, 0.0799307300052976)
@abarriosy 527978879 (67128, 0.07820455693606124)
@marcelacamilett 1353305066 (120097, 0.0771693854452608)

PageRank
@MiguelVelarde 54919388 (165398, 2.4486061621273335e-06)
@JSaintPastour 1654068414 (380501, 2.437094929135692e-06)
@SoulGull 338044938 (211992, 2.436229301021981e-06)
@bealbaytero 196785203 (195264, 2.4306149585962315e-06)
@fernancitof 195979094 (319017, 2.4231381079339055e-06)
@eduMAW2013 305177589 (403502, 2.4222858103068128e-06)
@LuisaM56_ 2460047262 (210701, 2.4150176962671423e-06)
@lanceta66 326766400 (290176, 2.414074119300831e-06)
@zety81 1053501108 (172068, 2.412091484277762e-06)
@Pornotikon 204117349 (300335, 2.4114044940547724e-06)

Degree
@MiguelVelarde 54919388 (165398, 1.0)
@eduMAW2013 305177589 (403502, 0.7275284617421234)
@bealbaytero 196785203 (195264, 0.7082009531374106)
@fernancitof 195979094 (319017, 0.6576979083929044)
@JSaintPastour 1654068414 (380501, 0.643897272967964)
@SoulGull 338044938 (211992, 0.5671167593328038)
@zety81 1053501108 (172068, 0.3653362456976436)
@LuisaM56_ 2460047262 (210701, 0.3357823669579031)
@SergioNavegante 26952367 (19503, 0.3019923219486365)
@lanceta66 326766400 (290176, 0.26737490071485304)

-------------------------
8Rede15
-------------------------

Betweenness
@ricardo___rf 72694672 (246084, 0.1463433032851802)
@Gabrieltuitou 955728506 (79737, 0.1154527967412208)
@vidaletti 29395691 (188155, 0.06393090182174768)
@letraslimitadas 1089535657 (450337, 0.043450382831064)
@jornalistavitor 113410319 (330066, 0.043224078753818874)
@euliviia 102457491 (318613, 0.042658318560706066)
@fcgl_oficial 264776086 (111766, 0.039376909440651774)
@letrin45 210177223 (550607, 0.03515256666540947)
@ana_gedda 2899726661 (141108, 0.03070191981292202)
@cytlox 966797178 (338208, 0.028816052502545972)

Eigenvector
@ricardo___rf 72694672 (246084, 0.6172104631795571)
@letraslimitadas 1089535657 (450337, 0.14183486845016377)
@Gabrieltuitou 955728506 (79737, 0.11901898886020079)
@vidaletti 29395691 (188155, 0.09979852852046092)
@rwy10 67023555 (160074, 0.09048159154638198)
@gilton_ 178522348 (362256, 0.08832901047506425)
@SimplyTeBR 39101581 (118686, 0.0736391217514122)
@Ary_AntiPT 2437579938 (424439, 0.07319584181242975)
@pegoraro_nilza 2201415726 (121322, 0.07171437006395262)
@fofocasonline 47085809 (195623, 0.06809790153775039) *

PageRank
@ricardo___rf 72694672 (246084, 1.8727045327685213e-06)
@Gabrieltuitou 955728506 (79737, 1.8611225559506865e-06)
@vidaletti 29395691 (188155, 1.8365406562129648e-06)
@euliviia 102457491 (318613, 1.8269187011959069e-06)
@jornalistavitor 113410319 (330066, 1.8264157686773689e-06)
@fcgl_oficial 264776086 (111766, 1.825987275299654e-06)
@letraslimitadas 1089535657 (450337, 1.8247951991114839e-06)
@letrin45 210177223 (550607, 1.823594420691314e-06)
@ana_gedda 2899726661 (141108, 1.821935112355069e-06)
@_dudu_pats_sccp 228577853 (339309, 1.819087568786276e-06)

Degree
@ricardo___rf 72694672 (246084, 1.0)
@Gabrieltuitou 955728506 (79737, 0.7578250140698731)
@vidaletti 29395691 (188155, 0.48287804666868694)
@letraslimitadas 1089535657 (450337, 0.38467033204900647)
@cytlox 966797178 (338208, 0.3482834754751288)
@jornalistavitor 113410319 (330066, 0.3371574527035802)
@euliviia 102457491 (318613, 0.3298411186631456)
@fcgl_oficial 264776086 (111766, 0.29624659076150484)
@ddlfavelada 248305055 (279062, 0.26986016710680116)
@ana_gedda 2899726661 (141108, 0.2630416901164553)

-------------------------
9Rede15
-------------------------

Betweenness
@foryoutrera 1426526256 (165779, 0.09078565232150235)
@OneDirectionBsl 1421984936 (369953, 0.09029532682080457) *
@Talmecravo 573952113 (155268, 0.0852034850827893)
@vidaletti 29395691 (182406, 0.06389318447554017)
@_boris_causoy 1873654801 (93790, 0.052653415305699024)
@mais_velho 1561529839 (7097, 0.045072228717987384)
@jorasquin 79535108 (328655, 0.0423565797910459)
@DrReynaldo 73190508 (227603, 0.04220571040621582)
@BornToFlyFree 2889338488 (384633, 0.03790593293855847)
@Lu_Ferreira_ 95726618 (71851, 0.03609550032059748)

Eigenvector
@DrReynaldo 73190508 (227603, 0.20073541699719843)
@_boris_causoy 1873654801 (93790, 0.18731926844352298)
@tiaoca 84293886 (4761, 0.1418322547472263)
@vidaletti 29395691 (182406, 0.1411199135166042)
@Ary_AntiPT 2437579938 (410229, 0.13565672042151308)
@Claudiadabreu12 1170313681 (443421, 0.13549972652169218)
@CleideLessnau 1241932476 (463259, 0.13181725806900854)
@StalinBurrinho 872649049 (300391, 0.12973996917367384)
@Ezequiasns 342896305 (128144, 0.12377714451122258)
@CongressoPodre 486988339 (82966, 0.12212813146860912)

PageRank
@Talmecravo 573952113 (155268, 1.910526880045105e-06)
@OneDirectionBsl 1421984936 (369953, 1.9104962266750906e-06) *
@foryoutrera 1426526256 (165779, 1.907986321320796e-06)
@vidaletti 29395691 (182406, 1.9012282149566993e-06)
@_boris_causoy 1873654801 (93790, 1.8925659906237173e-06)
@mais_velho 1561529839 (7097, 1.8922678111773813e-06)
@BornToFlyFree 2889338488 (384633, 1.889969568179251e-06)
@Lu_Ferreira_ 95726618 (71851, 1.8875214576219851e-06)
@jorasquin 79535108 (328655, 1.8868618212597632e-06)
@DrReynaldo 73190508 (227603, 1.8867084608922072e-06)

Degree
@foryoutrera 1426526256 (165779, 1.0)
@OneDirectionBsl 1421984936 (369953, 0.7976560909646088) *
@Talmecravo 573952113 (155268, 0.7825340971878908)
@vidaletti 29395691 (182406, 0.648675371506674)
@_boris_causoy 1873654801 (93790, 0.556256724925117)
@DrReynaldo 73190508 (227603, 0.48416552767034055)
@mais_velho 1561529839 (7097, 0.43795620437956206)
@BornToFlyFree 2889338488 (384633, 0.4284758775118504)
@Lu_Ferreira_ 95726618 (71851, 0.3805217087852968)
@jorasquin 79535108 (328655, 0.3712740279756885)

-------------------------
10Rede15
-------------------------

Betweenness
@fcklxx 174028393 (100833, 0.12186474559649935)
@hwtokatic 584161815 (95454, 0.11409497227775009)
@Greenhalgh_ 380716440 (45551, 0.10013955418096745)
@diImabr 116820742 (65694, 0.0824501188096403)
@delubiosoares 34827888 (140340, 0.0789424056123409)
@hrrtattacks 209166925 (99149, 0.06479840078452066)
@danilo_diog 568331543 (25735, 0.061705578395503974)
@hiimgabys 2795908558 (39925, 0.04428016444762945)
@boyofsel 247511305 (241157, 0.043978425677969286)
@OpsPaulo 236977476 (100717, 0.04288462263795119)

Eigenvector
@Greenhalgh_ 380716440 (45551, 0.400109241626174)
@delubiosoares 34827888 (140340, 0.34495771257620184)
@CrimeDeImprensa 504936854 (153307, 0.2194846009338323)
@PeterPerson 189748875 (179927, 0.09634416578276302)
@marcossibulka 132007506 (41296, 0.08696711753570982)
@PadreDjacy 209080220 (41031, 0.0838599598884731)
@Panambi4 591887531 (18395, 0.0809628909299642)
@marcos_bicalho 41117407 (179840, 0.08062737980555719)
@Supervisora 70134660 (147803, 0.07931667104210459)
@Cvd2015 61841191 (128522, 0.07649493050566404)

PageRank
@fcklxx 174028393 (100833, 3.98555723937903e-06)
@hwtokatic 584161815 (95454, 3.979933674616334e-06)
@Greenhalgh_ 380716440 (45551, 3.965716466470107e-06)
@delubiosoares 34827888 (140340, 3.960667091008525e-06)
@hrrtattacks 209166925 (99149, 3.95474012997896e-06)
@danilo_diog 568331543 (25735, 3.9545499095426285e-06)
@hiimgabys 2795908558 (39925, 3.9473373205154265e-06)
@OpsPaulo 236977476 (100717, 3.9452171845155115e-06)
@boyofsel 247511305 (241157, 3.944023241631553e-06)
@PadreDjacy 209080220 (41031, 3.9434282705658e-06)

Degree
@Greenhalgh_ 380716440 (45551, 1.0)
@hwtokatic 584161815 (95454, 0.917814000105502)
@fcklxx 174028393 (100833, 0.870707390409875)
@delubiosoares 34827888 (140340, 0.8630057498549348)
@hrrtattacks 209166925 (99149, 0.5136888748219655)
@danilo_diog 568331543 (25735, 0.43973202510945825)
@CrimeDeImprensa 504936854 (153307, 0.40101281848393733)
@boyofsel 247511305 (241157, 0.3640343936276837)
@hiimgabys 2795908558 (39925, 0.3514796645038772)
@PadreDjacy 209080220 (41031, 0.349791633697315)
